-2	-2	8
-2	-1.5	8
-2	-1	8
-2	-0.5	9
-2	0	10
-2	0.5	9
-2	1	8
-2	1.5	8
-2	2	8
-1.5	-2	7
-1.5	-1.5	7
-1.5	-1	7
-1.5	-0.5	8
-1.5	0	16
-1.5	0.5	8
-1.5	1	7
-1.5	1.5	7
-1.5	2	7
-1	-2	7
-1	-1.5	6
-1	-1	6
-1	-0.5	7
-1	0	9
-1	0.5	7
-1	1	6
-1	1.5	6
-1	2	7
-0.5	-2	7
-0.5	-1.5	6
-0.5	-1	5
-0.5	-0.5	6
-0.5	0	2
-0.5	0.5	6
-0.5	1	5
-0.5	1.5	6
-0.5	2	7
0	-2	7
0	-1.5	7
0	-1	6
0	-0.5	10
0	0	2
0	0.5	10
0	1	6
0	1.5	7
0	2	7
0.5	-2	9
0.5	-1.5	9
0.5	-1	8
0.5	-0.5	10
0.5	0	7
0.5	0.5	10
0.5	1	8
0.5	1.5	9
0.5	2	9
1	-2	23
1	-1.5	10
1	-1	9
1	-0.5	6
1	0	1
1	0.5	6
1	1	9
1	1.5	10
1	2	23
1.5	-2	12
1.5	-1.5	9
1.5	-1	7
1.5	-0.5	6
1.5	0	6
1.5	0.5	6
1.5	1	7
1.5	1.5	9
1.5	2	12
2	-2	10
2	-1.5	8
2	-1	7
2	-0.5	7
2	0	7
2	0.5	7
2	1	7
2	1.5	8
2	2	10
